Fundamental Bands
-----------------
       E(harm)      E(anharm)        I(harm)      I(anharm)       Coef. Mode(Quanta) 
  ------------   ------------   ------------   ------------     -------------------- 
RIB2PLYP/RIB2PLYP
 1642.79241500  1577.76455606    78.56018069    80.02666346     [ 1.000  1(1)] 
 3833.99751300  3654.71697685     8.85967031     6.68056782     [ 1.000  2(1)] 
 3943.95412100  3734.88127526    60.19596186    54.51838698     [ 1.000  3(1)] 

RIB2PLYP/MMFF94
 1642.79241500  1600.81098220    66.68100252    67.91990809     [ 1.000  1(1)]
 3833.99751300  3698.97135749    33.91927367    31.54951252     [ 1.000  2(1)]
 3943.95412100  3783.29373651    65.72455173    64.37948018     [ 1.000  3(1)]

RIB2PLYP/PM3
 1642.79241500  1541.91843392    12.91986097    14.73955839     [ 1.000  1(1)]
 3833.99751300  3666.22330462     6.46955119     6.80743885     [ 1.000  2(1)]
 3943.95412100  3765.25730372     4.84455249     5.66051930     [ 1.000  3(1)]


