seed = -1
----------------------------------------------------------
runType=VPT2
model=GVPT2
----------------------------------------------------------

nFrequencies=3
VPT2 model : GVPT2

Gradients
END

Hessian
1 1      2341.0202280000
2 2      3685.3605780000
3 3      3736.3489890000
END

Cubic
1 1 1       -13.1541000000
1 1 2       -88.8100260000
1 1 3        -0.0317780000
2 2 1        13.8556420000
2 2 2        -1.5965840000
2 2 3        -0.0005320000
3 3 1       -23.3853270000
3 3 2         0.9411020000
3 3 3         0.0001330000
END

Quartic
1 1 1 1        -7.6001950000
1 1 1 2        -2.6778330000
1 1 1 3        -0.0010200000
2 2 1 1        10.9892770000
2 2 2 1         2.0224280000
2 2 2 2         0.4012870000
2 2 2 3         0.0001220000
3 3 1 1       -13.2231900000
3 3 2 2         0.1489250000
3 3 3 1         0.0006730000
3 3 3 2        -0.0000080000
3 3 3 3        -0.4568640000
END

Coriolis
END

Rotation constants
1         1.0000000000
2         1.0000000000
3         1.0000000000
END
nFrequencies=3
nDim=3
VPT2 Properties model : GVPT2 : Gaussian method

First derivatives
1 1        -1.6812440000
1 2         1.4944220000
1 3        -1.5333170000
2 1        -1.9074670000
2 2         1.6946900000
2 3         4.5061140000
3 1        -3.8718850000
3 2         3.4416900000
3 3        -1.5534670000
END


Second derivatives
END


Cubic derivatives
1 1 1 1         0.0000010000
1 1 1 3         0.0000010000
1 1 3 1         0.0000010000
1 1 3 3        -0.0000020000
1 2 2 2        -0.0000010000
1 2 2 3         0.0000020000
1 2 3 2         0.0000020000
1 2 3 3         0.0000010000
1 3 1 1         0.0000010000
1 3 1 3        -0.0000020000
1 3 2 2         0.0000020000
1 3 2 3         0.0000010000
1 3 3 1        -0.0000020000
1 3 3 2         0.0000010000
1 3 3 3         0.0000030000
2 1 1 2        -0.0000010000
2 1 1 3         0.0000020000
2 1 2 1        -0.0000010000
2 1 2 2         0.0000010000
2 1 3 1         0.0000020000
2 2 1 1        -0.0000010000
2 2 1 2         0.0000010000
2 2 2 1         0.0000010000
2 2 2 2        -0.0000030000
2 2 2 3         0.0000020000
2 2 3 2         0.0000020000
2 2 3 3        -0.0000020000
2 3 1 1         0.0000020000
2 3 2 2         0.0000020000
2 3 2 3        -0.0000020000
2 3 3 2        -0.0000020000
2 3 3 3         0.0000020000
3 1 1 1         0.0000010000
3 1 1 2        -0.0000010000
3 1 2 1        -0.0000010000
3 1 2 2         0.0000010000
3 1 3 3         0.0000030000
3 2 1 1        -0.0000010000
3 2 1 2         0.0000010000
3 2 2 1         0.0000010000
3 3 1 3         0.0000030000
3 3 3 1         0.0000030000
END

nFrequencies 3
nStates 10
State n 1	0 0 0 
State n 2	1 0 0 
State n 3	0 1 0 
State n 4	0 0 1 
State n 5	2 0 0 
State n 6	0 2 0 
State n 7	0 0 2 
State n 8	1 1 0 
State n 9	1 0 1 
State n 10	0 1 1 

Xkl (cm^-1) by VPT2+K model
1 1        -0.5323899729
1 2         1.6429086588
1 3        -3.3532649711
2 1         1.6429086588
2 2         0.0153326200
2 3         0.0718963216
3 1        -3.3532649711
3 2         0.0718963216
3 3        -0.0561909744
END

C=0.092206

Diagonal of H (cm^-1) by VPT2+K model
     4880.8119704205         0.0000000000 
     7219.9122403186      2339.1002698981  1(1) 
     8567.0606161507      3686.2486457302  2(1) 
     8615.4078931470      3734.5959227265  3(1) 
     9557.9477302709      4677.1357598504  1(2) 
    12253.3399271210      7372.5279567005  2(2) 
    12349.8914339247      7469.0794635042  3(2) 
    10907.8037947076      6026.9918242871  1(1)  2(1) 
    10951.1548980740      6070.3429276535  1(1)  3(1) 
    12301.7284351988      7420.9164647783  2(1)  3(1) 
END


Resonance Matrix (cm^-1) by VPT2+K model
========================================
 Fermi Resonances terms :
 0 Fermi Resonances 
----------------------------------------------------------------------------------------------------

 Darling-Dennison Resonances terms :
 0 Darling-Dennison Resonances 
----------------------------------------------------------------------------------------------------

END



Results
========================
       E(harm)      E(anharm)     Mode(Quanta), Coef 
       -------      ---------     ---------------- 
    0.00000000     0.00000000     [ 1.000] 
 2341.02022800  2339.10026990     [ 1.000  1(1)] 
 3685.36057800  3686.24864573     [ 1.000  2(1)] 
 3736.34898900  3734.59592273     [ 1.000  3(1)] 
 4682.04045600  4677.13575985     [ 1.000  1(2)] 
 6026.38080600  6026.99182429     [ 1.000  1(1)  2(1)] 
 6077.36921700  6070.34292765     [ 1.000  1(1)  3(1)] 
 7370.72115600  7372.52795670     [ 1.000  2(2)] 
 7421.70956700  7420.91646478     [ 1.000  2(1)  3(1)] 
 7472.69797800  7469.07946350     [ 1.000  3(2)] 



Results With intensities
========================
       E(harm)      E(anharm)        I(harm)      I(anharm)     Coef Mode(Quanta) 
       -------      ---------        -------      ---------     ---------------- 
    0.00000000     0.00000000     0.00000000     0.00000000     [ 1.000] 
 2341.02022800  2339.10026990   173.73445897   173.69501156     [ 1.000  1(1)] 
 3685.36057800  3686.24864573   137.24910731   137.21428652     [ 1.000  2(1)] 
 3736.34898900  3734.59592273   202.98813099   202.98570879     [ 1.000  3(1)] 
 4682.04045600  4677.13575985     0.00000000     0.05833914     [ 1.000  1(2)] 
 6026.38080600  6026.99182429     0.00000000     0.01552995     [ 1.000  1(1)  2(1)] 
 6077.36921700  6070.34292765     0.00000000     0.00238512     [ 1.000  1(1)  3(1)] 
 7370.72115600  7372.52795670     0.00000000     0.00008033     [ 1.000  2(2)] 
 7421.70956700  7420.91646478     0.00000000     0.00000147     [ 1.000  2(1)  3(1)] 
 7472.69797800  7469.07946350     0.00000000     0.00018174     [ 1.000  3(2)] 



Results With intensities
========================

Fundamental Bands
-----------------
       E(harm)      E(anharm)        I(harm)      I(anharm)       Coef. Mode(Quanta) 
  ------------   ------------   ------------   ------------     -------------------- 
 2341.02022800  2339.10026990   173.73445897   173.69501156     [ 1.000  1(1)] 
 3685.36057800  3686.24864573   137.24910731   137.21428652     [ 1.000  2(1)] 
 3736.34898900  3734.59592273   202.98813099   202.98570879     [ 1.000  3(1)] 

Overtones
---------
       E(harm)      E(anharm)        I(harm)      I(anharm)       Coef. Mode(Quanta) 
  ------------   ------------   ------------   ------------     -------------------- 
 4682.04045600  4677.13575985     0.00000000     0.05833914     [ 1.000  1(2)] 
 7370.72115600  7372.52795670     0.00000000     0.00008033     [ 1.000  2(2)] 
 7472.69797800  7469.07946350     0.00000000     0.00018174     [ 1.000  3(2)] 

Combination Bands
----------------
       E(harm)      E(anharm)        I(harm)      I(anharm)       Coef. Mode(Quanta) 
  ------------   ------------   ------------   ------------     -------------------- 
 6026.38080600  6026.99182429     0.00000000     0.01552995     [ 1.000  1(1)  2(1)] 
 6077.36921700  6070.34292765     0.00000000     0.00238512     [ 1.000  1(1)  3(1)] 
 7421.70956700  7420.91646478     0.00000000     0.00000147     [ 1.000  2(1)  3(1)] 


