-------------------------------------------------------------
----------------------- !PROPERTIES! ------------------------
-------------------------------------------------------------
# -------------------------------------------------------------
----------------------- !GEOMETRIES! ------------------------
# -------------------------------------------------------------
------------------------ !GEOMETRY! -------------------------
    Number of atoms:    33 
    Geometry Index:     1 
    Coordinates:
               0  C     -0.005152000000    0.782768000000   -0.108516000000
               1  C     -0.032257000000    1.340311000000    1.168591000000
               2  C     -0.054690000000    1.640574000000   -1.209718000000
               3  C     -0.105947000000    2.718592000000    1.345610000000
               4  H     -0.001395000000    0.686366000000    2.031447000000
               5  C     -0.127557000000    3.017458000000   -1.038525000000
               6  H     -0.031752000000    1.232276000000   -2.213146000000
               7  C     -0.153587000000    3.562154000000    0.242182000000
               8  H     -0.126726000000    3.131327000000    2.346467000000
               9  H     -0.162392000000    3.666862000000   -1.904536000000
              10  H     -0.210041000000    4.634853000000    0.376836000000
              11  C     -1.229357000000   -1.258875000000   -0.937898000000
              12  H     -1.164098000000   -2.347495000000   -1.017616000000
              13  H     -1.321277000000   -0.868143000000   -1.955075000000
              14  C     -2.521406000000   -0.888989000000   -0.185538000000
              15  H     -2.586573000000    0.201975000000   -0.134100000000
              16  C     -3.773705000000   -1.431101000000   -0.890237000000
              17  H     -4.680360000000   -1.146388000000   -0.356643000000
              18  H     -3.825590000000   -1.026439000000   -1.901866000000
              19  H     -3.740999000000   -2.519568000000   -0.954365000000
              20  C     -2.462878000000   -1.364642000000    1.197622000000
              21  N     -2.405646000000   -1.752360000000    2.280895000000
              22  C      1.292291000000   -1.168293000000   -1.095734000000
              23  H      1.268352000000   -2.256709000000   -1.197991000000
              24  H      1.221047000000   -0.754682000000   -2.108383000000
              25  C      2.584814000000   -0.748178000000   -0.465971000000
              26  H      2.749170000000    0.323034000000   -0.378074000000
              27  C      3.506441000000   -1.583845000000    0.001925000000
              28  H      3.331565000000   -2.655056000000   -0.082341000000
              29  C      4.791765000000   -1.173086000000    0.650160000000
              30  H      4.861499000000   -1.565900000000    1.668999000000
              31  H      5.653805000000   -1.565420000000    0.102111000000
              32  H      4.883929000000   -0.086849000000    0.697406000000
