-------------------------------------------------------------
----------------------- !PROPERTIES! ------------------------
-------------------------------------------------------------
# -------------------------------------------------------------
----------------------- !GEOMETRIES! ------------------------
# -------------------------------------------------------------
------------------------ !GEOMETRY! -------------------------
    Number of atoms:    30 
    Geometry Index:     1 
    Coordinates:
               0  H     -4.700733000000    0.616793000000   -0.350480000000
               1  H     -4.724402000000   -0.168568000000    1.228165000000
               2  C     -3.437619000000   -1.147628000000   -0.224606000000
               3  H     -3.438825000000   -1.344537000000   -1.302100000000
               4  H     -3.464688000000   -2.127293000000    0.264622000000
               5  C     -2.141831000000   -0.431397000000    0.153415000000
               6  H     -2.119004000000    0.548072000000   -0.333742000000
               7  H     -2.132388000000   -0.238294000000    1.231460000000
               8  C     -0.890852000000   -1.218275000000   -0.231214000000
               9  H     -0.879484000000   -1.398269000000   -1.311375000000
              10  H     -0.914529000000   -2.200546000000    0.251672000000
              11  C      0.411372000000   -0.539545000000    0.167442000000
              12  H      0.400097000000   -0.300401000000    1.231874000000
              13  C      1.650112000000   -1.354015000000   -0.174480000000
              14  H      1.671543000000   -1.529124000000   -1.255436000000
              15  H      1.545398000000   -2.334637000000    0.301191000000
              16  C      2.960192000000   -0.708645000000    0.274541000000
              17  H      2.919901000000   -0.523929000000    1.352390000000
              18  H      3.061402000000    0.270097000000   -0.201677000000
              19  O      0.495865000000    0.720336000000   -0.558944000000
              20  C      0.527826000000    1.874401000000    0.135097000000
              21  C      0.609075000000    3.050315000000   -0.802181000000
              22  H     -0.260328000000    3.057534000000   -1.461245000000
              23  H      0.648485000000    3.972154000000   -0.228618000000
              24  H      1.495337000000    2.962337000000   -1.432012000000
              25  O      0.494658000000    1.949110000000    1.338284000000
              26  C      4.179684000000   -1.565492000000   -0.058767000000
              27  H      5.104263000000   -1.085200000000    0.267115000000
              28  H      4.121403000000   -2.541544000000    0.429879000000
              29  H      4.255664000000   -1.738892000000   -1.135328000000
