-------------------------------------------------------------
----------------------- !PROPERTIES! ------------------------
-------------------------------------------------------------
# -------------------------------------------------------------
----------------------- !GEOMETRIES! ------------------------
# -------------------------------------------------------------
------------------------ !GEOMETRY! -------------------------
    Number of atoms:    40 
    Geometry Index:     1 
    Coordinates:
               0  C      0.916309000000    0.603639000000    1.491710000000
               1  H      0.244147000000   -0.185157000000    1.839642000000
               2  C      0.053462000000    1.681760000000    0.815908000000
               3  H      0.688676000000    2.522924000000    0.520662000000
               4  H     -0.648762000000    2.076787000000    1.556920000000
               5  C     -0.722327000000    1.201244000000   -0.420650000000
               6  H      0.011313000000    0.880130000000   -1.166327000000
               7  C     -1.530109000000    2.356431000000   -1.037824000000
               8  H     -0.851537000000    3.199418000000   -1.202218000000
               9  H     -2.276642000000    2.699248000000   -0.314057000000
              10  C      1.890150000000   -0.037416000000    0.524555000000
              11  C      2.837891000000    0.725397000000   -0.161510000000
              12  C      1.856594000000   -1.411480000000    0.292968000000
              13  C      3.721616000000    0.133007000000   -1.055143000000
              14  H      2.885392000000    1.795696000000   -0.000312000000
              15  C      2.739938000000   -2.011343000000   -0.599034000000
              16  H      1.119744000000   -2.014883000000    0.808863000000
              17  C      3.675508000000   -1.240138000000   -1.278571000000
              18  H      4.447722000000    0.742883000000   -1.578605000000
              19  H      2.694371000000   -3.080801000000   -0.764487000000
              20  H      4.363081000000   -1.702765000000   -1.975329000000
              21  C     -1.597270000000    0.004429000000   -0.111814000000
              22  C     -1.419312000000   -1.200069000000   -0.789825000000
              23  C     -2.601581000000    0.075587000000    0.856082000000
              24  C     -2.216425000000   -2.305833000000   -0.511369000000
              25  H     -0.639581000000   -1.272754000000   -1.537801000000
              26  C     -3.400618000000   -1.025025000000    1.140041000000
              27  H     -2.762163000000    1.000728000000    1.396551000000
              28  C     -3.210195000000   -2.222782000000    0.456827000000
              29  H     -2.059563000000   -3.232002000000   -1.050605000000
              30  H     -4.173290000000   -0.949124000000    1.895290000000
              31  H     -3.831875000000   -3.081333000000    0.677395000000
              32  C     -2.216893000000    1.987300000000   -2.350146000000
              33  H     -2.933025000000    1.176546000000   -2.206468000000
              34  H     -2.753574000000    2.841616000000   -2.767287000000
              35  H     -1.486363000000    1.656023000000   -3.092742000000
              36  C      1.639100000000    1.177522000000    2.717248000000
              37  H      0.920891000000    1.586977000000    3.431506000000
              38  H      2.223312000000    0.406488000000    3.222120000000
              39  H      2.322702000000    1.979975000000    2.430576000000
